<?xml version="1.0"?>
<opencv_storage>
<ImageWidth>1920</ImageWidth>
<ImageHeight>1080</ImageHeight>
<CameraMatrix type_id="opencv-matrix">
  <rows>3</rows>
  <cols>3</cols>
  <dt>d</dt>
  <data>
    3.4099954023400387e+03 0. 960. 0. 3.4099954023400387e+03 540. 0. 0.
    1.</data></CameraMatrix>
<DistortionMatrix type_id="opencv-matrix">
  <rows>1</rows>
  <cols>5</cols>
  <dt>d</dt>
  <data>
    1.1196500000000000e-02 1.7517800000000000e-01 3.1367300000000000e+00
    9.1511000000000006e-03 5.7322700000000002e-03</data></DistortionMatrix>
</opencv_storage>
