<?xml version="1.0"?>
<opencv_storage>
<ImageWidth>1920</ImageWidth>
<ImageHeight>1080</ImageHeight>
<CameraMatrix type_id="opencv-matrix">
  <rows>3</rows>
  <cols>3</cols>
  <dt>d</dt>
  <data>
    5.7470043835622943e-315 5.6728158962572588e-315 0.
    1.0215282980488656e+26 5.6388178557831142e-315 0. 0.
    5.2635442471208903e-315 0.</data></CameraMatrix>
<DistortionMatrix type_id="opencv-matrix">
  <rows>1</rows>
  <cols>5</cols>
  <dt>d</dt>
  <data>
    4.5127892008913759e-09 2.9722900028065026e-19
    4.9513564381044493e-315 0. 0.</data></DistortionMatrix>
</opencv_storage>
