<?xml version="1.0"?>
<opencv_storage>
<Rot type_id="opencv-matrix">
  <rows>3</rows>
  <cols>1</cols>
  <dt>d</dt>
  <data>
    1.5751092908227722e+00 1.3857964052788327e-01
    -1.0909937426822201e-01</data></Rot>
<Trans type_id="opencv-matrix">
  <rows>3</rows>
  <cols>1</cols>
  <dt>d</dt>
  <data>
    -2.7529383435515168e+01 4.3987384142899195e+01
    4.1636660317895456e+02</data></Trans>
<Rodrigues type_id="opencv-matrix">
  <rows>3</rows>
  <cols>3</cols>
  <dt>d</dt>
  <data>
    9.8744172303540068e-01 1.5694911507621928e-01 1.8050453891000434e-02
    1.9294009357296693e-02 -6.4032607522021157e-03
    -9.9979334837488287e-01 -1.5680109952356841e-01
    9.8758593222490321e-01 -9.3510245250994200e-03</data></Rodrigues>
<Init3DPoints>
  -50. 50. 0. 50. 50. 0. 50. -50. 0. -50. -50. 0.</Init3DPoints>
<InitPoints>
  482. 853. 1163. 867. 1104. 974. 177. 930.</InitPoints>
</opencv_storage>
