<?xml version="1.0"?>
<opencv_storage>
<Rot type_id="opencv-matrix">
  <rows>3</rows>
  <cols>1</cols>
  <dt>d</dt>
  <data>
    1.5634017954305819e+00 1.7125337772438790e-01
    -1.1928281589639637e-01</data></Rot>
<Trans type_id="opencv-matrix">
  <rows>3</rows>
  <cols>1</cols>
  <dt>d</dt>
  <data>
    -2.6498354081802859e+01 4.3617492973649298e+01
    4.3813580279153859e+02</data></Trans>
<Rodrigues type_id="opencv-matrix">
  <rows>3</rows>
  <cols>3</cols>
  <dt>d</dt>
  <data>
    9.8237864212680326e-01 1.8394238199986551e-01 3.3127082535495220e-02
    3.2693323621212869e-02 5.3911950481879732e-03
    -9.9945089004240262e-01 -1.8401997196961151e-01
    9.8292224266224015e-01 -7.1749295149871935e-04</data></Rodrigues>
</opencv_storage>
